23.409
24.42
21.605
21.719
21.38
22.877
22.101
22.126
23.476
21.007
23.063
23.482
22.483
22.471
21.145
21.609
22.861
22.505
21.589
22.202
20.997
23.957
21.88
21.243
21.399
21.223
22.073
21.659
22.829
22.1
22.524
23.715
22.038
22.375
23.387
23.554
22.751
22.587
22.764
22.234
22.261
22.474
22.527
22.792
23.417
22.027
22.165
22.192
22.817
24.623
21.613
22.364
23.964
22.746
22.163
25.313
20.977
22.495
22.996
23.066
21.431
22.715
21.095
22.529
22.791
21.523
23.615
22.208
23.149
21.624
22.783
22.019
22.986
22.991
22.439
22.781
21.363
22.967
21.578
22.35
23.48
23.299
22.631
23.597
21.865
22.275
22.469
23.603
24.287
22.201
22.712
23.118
21.506
23.93
24.182
23.823
21.471
22.547
22.706
25.065
20.727
21.045
23.931
22.864
21.946
23.704
24.165
22.295
23.693
21.103
24.789
24.564
24.479
24.722
24.709
24.721
24.726
24.727
24.728
24.721